# YOLOv5 Hyperparameter Evolution Results
# Best generation: 45
# Last generation: 99
#    metrics/precision,       metrics/recall,      metrics/mAP_0.5, metrics/mAP_0.5:0.95,         val/box_loss,         val/obj_loss,         val/cls_loss
#              0.93405,              0.88813,              0.92684,               0.6028,             0.032559,             0.016586,            0.0022508

lr0: 0.00912
lrf: 0.0106
momentum: 0.98
weight_decay: 0.00037
warmup_epochs: 3.3584
warmup_momentum: 0.89766
warmup_bias_lr: 0.09767
box: 0.05816
cls: 0.51041
cls_pw: 1.0877
obj: 0.86041
obj_pw: 0.82921
iou_t: 0.2
anchor_t: 4.8785
fl_gamma: 0.0
hsv_h: 0.01096
hsv_s: 0.8609
hsv_v: 0.34643
degrees: 0.0
translate: 0.08251
scale: 0.51813
shear: 0.0
perspective: 0.0
flipud: 0.0
fliplr: 0.5
mosaic: 0.85063
mixup: 0.0
copy_paste: 0.0
anchors: 2.8223
